1.812595244478083245e+01 1.550042679864322892e+01 1.775243852776436881e+01
1.911419952672958189e+01 1.874166052577292518e+01 1.905943914602078593e+01
1.966959844932776491e+01 1.961925286277915248e+01 1.967691629003319775e+01
1.988632478083138011e+01 1.988252350350821729e+01 1.990575279723411128e+01
1.995948981170399961e+01 1.996254482785329643e+01 1.998138426652592159e+01
1.997267487903328842e+01 1.997697431990549433e+01 1.999560475015825389e+01
1.994092446758792292e+01 1.994645356713236950e+01 1.996690644888755273e+01
1.981955796820787441e+01 1.982980366929255567e+01 1.986077163105026955e+01
1.943775055629659576e+01 1.946610660292408923e+01 1.955709373080393121e+01
1.825155891854600299e+01 1.832981383153207489e+01 1.877208408538442441e+01
1.458380282523017613e+01 1.460851347397069588e+01 1.716441314165755117e+01
